Id,Pred_Sale
1461,113755.0
1462,147880.0
1463,163259.0
1464,188487.0
1465,204030.0
1466,167635.0
1467,173640.0
1468,167417.0
1469,197315.0
1470,112260.0
1471,154346.0
1472,97375.0
1473,91877.0
1474,139103.0
1475,93550.0
1476,374954.0
1477,256799.0
1478,321994.0
1479,327297.0
1480,444847.0
1481,316305.0
1482,219576.0
1483,161655.0
1484,173766.0
1485,204441.0
1486,192264.0
1487,347496.0
1488,219202.0
1489,195021.0
1490,242311.0
1491,210230.0
1492,99656.0
1493,232770.0
1494,329764.0
1495,294847.0
1496,247414.0
1497,144811.0
1498,179665.0
1499,165931.0
1500,153103.0
1501,172238.0
1502,151541.0
1503,285716.0
1504,240384.0
1505,220105.0
1506,188420.0
1507,221685.0
1508,198906.0
1509,153403.0
1510,149026.0
1511,150903.0
1512,164508.0
1513,139476.0
1514,169253.0
1515,172720.0
1516,164979.0
1517,173812.0
1518,126571.0
1519,203773.0
1520,128856.0
1521,120424.0
1522,176521.0
1523,92199.0
1524,93900.0
1525,114057.0
1526,103903.0
1527,96513.0
1528,113922.0
1529,159337.0
1530,206245.0
1531,150507.0
1532,97648.0
1533,153130.0
1534,128990.0
1535,125570.0
1536,93575.0
1537,54209.0
1538,180418.0
1539,205260.0
1540,118846.0
1541,138820.0
1542,150472.0
1543,174567.0
1544,82673.0
1545,122453.0
1546,179921.0
1547,150272.0
1548,146234.0
1549,132485.0
1550,156849.0
1551,104653.0
1552,153903.0
1553,130483.0
1554,117473.0
1555,170594.0
1556,87900.0
1557,90285.0
1558,119708.0
1559,63818.0
1560,145736.0
1561,124509.0
1562,146936.0
1563,118839.0
1564,133199.0
1565,158333.0
1566,230233.0
1567,63940.0
1568,236464.0
1569,146719.0
1570,164711.0
1571,98662.0
1572,119852.0
1573,230747.0
1574,130446.0
1575,228575.0
1576,238573.0
1577,194266.0
1578,166160.0
1579,140125.0
1580,205615.0
1581,154384.0
1582,138293.0
1583,263985.0
1584,215919.0
1585,134099.0
1586,93760.0
1587,123172.0
1588,159130.0
1589,87451.0
1590,121697.0
1591,63425.0
1592,134429.0
1593,145370.0
1594,131919.0
1595,98023.0
1596,223822.0
1597,211619.0
1598,212037.0
1599,194408.0
1600,186542.0
1601,42877.0
1602,117441.0
1603,78621.0
1604,275818.0
1605,239174.0
1606,150124.0
1607,167126.0
1608,221738.0
1609,188454.0
1610,161385.0
1611,148982.0
1612,189582.0
1613,166489.0
1614,146025.0
1615,81942.0
1616,61382.0
1617,87103.0
1618,130258.0
1619,144840.0
1620,181214.0
1621,125224.0
1622,161900.0
1623,267571.0
1624,199830.0
1625,118295.0
1626,181901.0
1627,183956.0
1628,272865.0
1629,186841.0
1630,313462.0
1631,259220.0
1632,236140.0
1633,193739.0
1634,190433.0
1635,183880.0
1636,158602.0
1637,165171.0
1638,170347.0
1639,172042.0
1640,215515.0
1641,172132.0
1642,279365.0
1643,210091.0
1644,237665.0
1645,193953.0
1646,184501.0
1647,168380.0
1648,126272.0
1649,150620.0
1650,113505.0
1651,110239.0
1652,103321.0
1653,107310.0
1654,145103.0
1655,120553.0
1656,148328.0
1657,158967.0
1658,156214.0
1659,116956.0
1660,150137.0
1661,419773.0
1662,355038.0
1663,367396.0
1664,440937.0
1665,331506.0
1666,329784.0
1667,368533.0
1668,384021.0
1669,331890.0
1670,361645.0
1671,260651.0
1672,380334.0
1673,301430.0
1674,237152.0
1675,196821.0
1676,202657.0
1677,213245.0
1678,445542.0
1679,377915.0
1680,328898.0
1681,291120.0
1682,336696.0
1683,190600.0
1684,184263.0
1685,183728.0
1686,171136.0
1687,165093.0
1688,193263.0
1689,191445.0
1690,214971.0
1691,206265.0
1692,271551.0
1693,188380.0
1694,192150.0
1695,180113.0
1696,237984.0
1697,183122.0
1698,347903.0
1699,337175.0
1700,284964.0
1701,295640.0
1702,218152.0
1703,227198.0
1704,257868.0
1705,267085.0
1706,316692.0
1707,230815.0
1708,206905.0
1709,258378.0
1710,230160.0
1711,294655.0
1712,251622.0
1713,276928.0
1714,199806.0
1715,214749.0
1716,179964.0
1717,184201.0
1718,129918.0
1719,240185.0
1720,245097.0
1721,151281.0
1722,104347.0
1723,156997.0
1724,212549.0
1725,246049.0
1726,178215.0
1727,160099.0
1728,169942.0
1729,195361.0
1730,174674.0
1731,119606.0
1732,138052.0
1733,118274.0
1734,125610.0
1735,121329.0
1736,109940.0
1737,261966.0
1738,293377.0
1739,213252.0
1740,197867.0
1741,179856.0
1742,159733.0
1743,183787.0
1744,321228.0
1745,211595.0
1746,173026.0
1747,219148.0
1748,177882.0
1749,139402.0
1750,116543.0
1751,212436.0
1752,108902.0
1753,141941.0
1754,188368.0
1755,159233.0
1756,124711.0
1757,122248.0
1758,145695.0
1759,169843.0
1760,163035.0
1761,155044.0
1762,173296.0
1763,191612.0
1764,116522.0
1765,139934.0
1766,190385.0
1767,195552.0
1768,130500.0
1769,169719.0
1770,178439.0
1771,126461.0
1772,124470.0
1773,121176.0
1774,128986.0
1775,164860.0
1776,124234.0
1777,114241.0
1778,145109.0
1779,158329.0
1780,165493.0
1781,116032.0
1782,71868.0
1783,152055.0
1784,100955.0
1785,129219.0
1786,136230.0
1787,158625.0
1788,42450.0
1789,93126.0
1790,79446.0
1791,199760.0
1792,145185.0
1793,139564.0
1794,178616.0
1795,134723.0
1796,162414.0
1797,121383.0
1798,133643.0
1799,108791.0
1800,145406.0
1801,116583.0
1802,132170.0
1803,151234.0
1804,112075.0
1805,140738.0
1806,113787.0
1807,175177.0
1808,133635.0
1809,137257.0
1810,133418.0
1811,96258.0
1812,73530.0
1813,133064.0
1814,97020.0
1815,51410.0
1816,99725.0
1817,114416.0
1818,168475.0
1819,146230.0
1820,34080.0
1821,115318.0
1822,159146.0
1823,43748.0
1824,137039.0
1825,148092.0
1826,113553.0
1827,106089.0
1828,136159.0
1829,150112.0
1830,152958.0
1831,151342.0
1832,61167.0
1833,157237.0
1834,134497.0
1835,118973.0
1836,94577.0
1837,82606.0
1838,124514.0
1839,112609.0
1840,171384.0
1841,136570.0
1842,107412.0
1843,150080.0
1844,171707.0
1845,142231.0
1846,154349.0
1847,160851.0
1848,44983.0
1849,122303.0
1850,124928.0
1851,139186.0
1852,130325.0
1853,127941.0
1854,151765.0
1855,156592.0
1856,226265.0
1857,138587.0
1858,135267.0
1859,141547.0
1860,155439.0
1861,141547.0
1862,328564.0
1863,317382.0
1864,317382.0
1865,382650.0
1866,359072.0
1867,218401.0
1868,276456.0
1869,217169.0
1870,225386.0
1871,293468.0
1872,192790.0
1873,248588.0
1874,134827.0
1875,181162.0
1876,201924.0
1877,198116.0
1878,192927.0
1879,136769.0
1880,136867.0
1881,234593.0
1882,228589.0
1883,174759.0
1884,182070.0
1885,214339.0
1886,284557.0
1887,224669.0
1888,248580.0
1889,184718.0
1890,100206.0
1891,129536.0
1892,107179.0
1893,111778.0
1894,128751.0
1895,129579.0
1896,131322.0
1897,142249.0
1898,100595.0
1899,172254.0
1900,170340.0
1901,197859.0
1902,136317.0
1903,240724.0
1904,167222.0
1905,201077.0
1906,185192.0
1907,207255.0
1908,101407.0
1909,141476.0
1910,115764.0
1911,212203.0
1912,300442.0
1913,165037.0
1914,44777.0
1915,340699.0
1916,64271.0
1917,223008.0
1918,137146.0
1919,153657.0
1920,144858.0
1921,388855.0
1922,350453.0
1923,222462.0
1924,241344.0
1925,204852.0
1926,363462.0
1927,122847.0
1928,183018.0
1929,108019.0
1930,119380.0
1931,119698.0
1932,106362.0
1933,209406.0
1934,180671.0
1935,182380.0
1936,207829.0
1937,183021.0
1938,165180.0
1939,286749.0
1940,201038.0
1941,164188.0
1942,157188.0
1943,262128.0
1944,409793.0
1945,417564.0
1946,134062.0
1947,279386.0
1948,167090.0
1949,241282.0
1950,200562.0
1951,228477.0
1952,187675.0
1953,178174.0
1954,181355.0
1955,137414.0
1956,263671.0
1957,148961.0
1958,234179.0
1959,144581.0
1960,92042.0
1961,139908.0
1962,94157.0
1963,99465.0
1964,109673.0
1965,144792.0
1966,136112.0
1967,313519.0
1968,397921.0
1969,386954.0
1970,390651.0
1971,453995.0
1972,375816.0
1973,324288.0
1974,349832.0
1975,420477.0
1976,278613.0
1977,330255.0
1978,333562.0
1979,321418.0
1980,211979.0
1981,339757.0
1982,232276.0
1983,222512.0
1984,170979.0
1985,222353.0
1986,202836.0
1987,204943.0
1988,185179.0
1989,192210.0
1990,212271.0
1991,228693.0
1992,214297.0
1993,173374.0
1994,196431.0
1995,190715.0
1996,287369.0
1997,361306.0
1998,301415.0
1999,373663.0
2000,330671.0
2001,330558.0
2002,252278.0
2003,253921.0
2004,292076.0
2005,240012.0
2006,226936.0
2007,241994.0
2008,232734.0
2009,211528.0
2010,201588.0
2011,124272.0
2012,194887.0
2013,188155.0
2014,188664.0
2015,227211.0
2016,204437.0
2017,202743.0
2018,105093.0
2019,138844.0
2020,75370.0
2021,118827.0
2022,224130.0
2023,134815.0
2024,290693.0
2025,382200.0
2026,174320.0
2027,166726.0
2028,150435.0
2029,168263.0
2030,253612.0
2031,236975.0
2032,265940.0
2033,245752.0
2034,169546.0
2035,232284.0
2036,201087.0
2037,212230.0
2038,315880.0
2039,245412.0
2040,289919.0
2041,319813.0
2042,208614.0
2043,164543.0
2044,154054.0
2045,218856.0
2046,145398.0
2047,131391.0
2048,147440.0
2049,144458.0
2050,154743.0
2051,107020.0
2052,116496.0
2053,139444.0
2054,96982.0
2055,161162.0
2056,154176.0
2057,99425.0
2058,211936.0
2059,135098.0
2060,164451.0
2061,135292.0
2062,115969.0
2063,123530.0
2064,146860.0
2065,145156.0
2066,168584.0
2067,136584.0
2068,146371.0
2069,73563.0
2070,107164.0
2071,100587.0
2072,156821.0
2073,118429.0
2074,180325.0
2075,168109.0
2076,128996.0
2077,159318.0
2078,134786.0
2079,136895.0
2080,112122.0
2081,129356.0
2082,136280.0
2083,149929.0
2084,106269.0
2085,105677.0
2086,118208.0
2087,94783.0
2088,96786.0
2089,83801.0
2090,115363.0
2091,118508.0
2092,138717.0
2093,117534.0
2094,117062.0
2095,199589.0
2096,94978.0
2097,91642.0
2098,141794.0
2099,38230.0
2100,39790.0
2101,124923.0
2102,125534.0
2103,114742.0
2104,127712.0
2105,123354.0
2106,28974.0
2107,188285.0
2108,119742.0
2109,96811.0
2110,98726.0
2111,142658.0
2112,137392.0
2113,125954.0
2114,130920.0
2115,165416.0
2116,123655.0
2117,155265.0
2118,169497.0
2119,125471.0
2120,130288.0
2121,97811.0
2122,122547.0
2123,129924.0
2124,177521.0
2125,120759.0
2126,176810.0
2127,142443.0
2128,125205.0
2129,76871.0
2130,137589.0
2131,149799.0
2132,112388.0
2133,125987.0
2134,138315.0
2135,97462.0
2136,77706.0
2137,104260.0
2138,116554.0
2139,143379.0
2140,138963.0
2141,187807.0
2142,129527.0
2143,147369.0
2144,117191.0
2145,146065.0
2146,182518.0
2147,182364.0
2148,127773.0
2149,134934.0
2150,267113.0
2151,150360.0
2152,169290.0
2153,150991.0
2154,70552.0
2155,150501.0
2156,227252.0
2157,227931.0
2158,250312.0
2159,219864.0
2160,207826.0
2161,230985.0
2162,344210.0
2163,371303.0
2164,265513.0
2165,225187.0
2166,154013.0
2167,225087.0
2168,182579.0
2169,195480.0
2170,199895.0
2171,148728.0
2172,141931.0
2173,164640.0
2174,206785.0
2175,278002.0
2176,313126.0
2177,242247.0
2178,219613.0
2179,121271.0
2180,215918.0
2181,198117.0
2182,214164.0
2183,198205.0
2184,113719.0
2185,128051.0
2186,155390.0
2187,160481.0
2188,170249.0
2189,275047.0
2190,97674.0
2191,62543.0
2192,73179.0
2193,120591.0
2194,126834.0
2195,101196.0
2196,117216.0
2197,118316.0
2198,174633.0
2199,207592.0
2200,153418.0
2201,148197.0
2202,229606.0
2203,159717.0
2204,180191.0
2205,106423.0
2206,157752.0
2207,256288.0
2208,264746.0
2209,251384.0
2210,128943.0
2211,128372.0
2212,121548.0
2213,109430.0
2214,143525.0
2215,100836.0
2216,133178.0
2217,73877.0
2218,59937.0
2219,60691.0
2220,41126.0
2221,342012.0
2222,301325.0
2223,272182.0
2224,213316.0
2225,146031.0
2226,148258.0
2227,193568.0
2228,302718.0
2229,245778.0
2230,148423.0
2231,213986.0
2232,187532.0
2233,194842.0
2234,266045.0
2235,215527.0
2236,234514.0
2237,287584.0
2238,228233.0
2239,64657.0
2240,151876.0
2241,125553.0
2242,125194.0
2243,133500.0
2244,104231.0
2245,115681.0
2246,133699.0
2247,144860.0
2248,116444.0
2249,120656.0
2250,128993.0
2251,75887.0
2252,185999.0
2253,168791.0
2254,185390.0
2255,183491.0
2256,168298.0
2257,192861.0
2258,158480.0
2259,175419.0
2260,154428.0
2261,249432.0
2262,230897.0
2263,408766.0
2264,424213.0
2265,159920.0
2266,343087.0
2267,331385.0
2268,443529.0
2269,164864.0
2270,199316.0
2271,212910.0
2272,216927.0
2273,156180.0
2274,178538.0
2275,177458.0
2276,203612.0
2277,182722.0
2278,144121.0
2279,134426.0
2280,73737.0
2281,146519.0
2282,161670.0
2283,110216.0
2284,135777.0
2285,138041.0
2286,122250.0
2287,391605.0
2288,298580.0
2289,342071.0
2290,414743.0
2291,364583.0
2292,420176.0
2293,437158.0
2294,398560.0
2295,444563.0
2296,258048.0
2297,411163.0
2298,393829.0
2299,341596.0
2300,307732.0
2301,364373.0
2302,256738.0
2303,249314.0
2304,264869.0
2305,201472.0
2306,189996.0
2307,207189.0
2308,227284.0
2309,312398.0
2310,236676.0
2311,201901.0
2312,191418.0
2313,163468.0
2314,176056.0
2315,189632.0
2316,200379.0
2317,187224.0
2318,183381.0
2319,195501.0
2320,185257.0
2321,246197.0
2322,206134.0
2323,208652.0
2324,209008.0
2325,209155.0
2326,189199.0
2327,203837.0
2328,213659.0
2329,192076.0
2330,173045.0
2331,342707.0
2332,391319.0
2333,325020.0
2334,287512.0
2335,334443.0
2336,309433.0
2337,185510.0
2338,244627.0
2339,220341.0
2340,370434.0
2341,224160.0
2342,229862.0
2343,231967.0
2344,190845.0
2345,226327.0
2346,226546.0
2347,205732.0
2348,257298.0
2349,221280.0
2350,331879.0
2351,285765.0
2352,230306.0
2353,238605.0
2354,154012.0
2355,139430.0
2356,145015.0
2357,195697.0
2358,204092.0
2359,121924.0
2360,122070.0
2361,151025.0
2362,216114.0
2363,147298.0
2364,162739.0
2365,209951.0
2366,210775.0
2367,210568.0
2368,221632.0
2369,205953.0
2370,174416.0
2371,147066.0
2372,187477.0
2373,293901.0
2374,315842.0
2375,235758.0
2376,264805.0
2377,297763.0
2378,165905.0
2379,188617.0
2380,141858.0
2381,161551.0
2382,209615.0
2383,180799.0
2384,224296.0
2385,175228.0
2386,138174.0
2387,123419.0
2388,132856.0
2389,128789.0
2390,169511.0
2391,156877.0
2392,117917.0
2393,193291.0
2394,163490.0
2395,199970.0
2396,145663.0
2397,185128.0
2398,121141.0
2399,55808.0
2400,72620.0
2401,142856.0
2402,137166.0
2403,153710.0
2404,155499.0
2405,140539.0
2406,129709.0
2407,131390.0
2408,128098.0
2409,115756.0
2410,178826.0
2411,121032.0
2412,149667.0
2413,119118.0
2414,171765.0
2415,139373.0
2416,132740.0
2417,142831.0
2418,139762.0
2419,114788.0
2420,143147.0
2421,116084.0
2422,106397.0
2423,114672.0
2424,152289.0
2425,175987.0
2426,160740.0
2427,134246.0
2428,180452.0
2429,113368.0
2430,135476.0
2431,107632.0
2432,167804.0
2433,153031.0
2434,149154.0
2435,167947.0
2436,137717.0
2437,100381.0
2438,118118.0
2439,89806.0
2440,126412.0
2441,94452.0
2442,97492.0
2443,145431.0
2444,136700.0
2445,85303.0
2446,133480.0
2447,205207.0
2448,155614.0
2449,110415.0
2450,157910.0
2451,118068.0
2452,193527.0
2453,102834.0
2454,132283.0
2455,150580.0
2456,110316.0
2457,167289.0
2458,176634.0
2459,116620.0
2460,160032.0
2461,144626.0
2462,125717.0
2463,138401.0
2464,178259.0
2465,140441.0
2466,119732.0
2467,143357.0
2468,124016.0
2469,96405.0
2470,206373.0
2471,195323.0
2472,152866.0
2473,106410.0
2474,85178.0
2475,185005.0
2476,102147.0
2477,107415.0
2478,141808.0
2479,93166.0
2480,183237.0
2481,129910.0
2482,118616.0
2483,114184.0
2484,130771.0
2485,136218.0
2486,164464.0
2487,210256.0
2488,182977.0
2489,157107.0
2490,153496.0
2491,96802.0
2492,204860.0
2493,175286.0
2494,152390.0
2495,60862.0
2496,223835.0
2497,142190.0
2498,126254.0
2499,93880.0
2500,114918.0
2501,132362.0
2502,142302.0
2503,133594.0
2504,163160.0
2505,228911.0
2506,246788.0
2507,261279.0
2508,243219.0
2509,217059.0
2510,222662.0
2511,177519.0
2512,216440.0
2513,222396.0
2514,316470.0
2515,166227.0
2516,189624.0
2517,148947.0
2518,159888.0
2519,264304.0
2520,236943.0
2521,188143.0
2522,219585.0
2523,112481.0
2524,155923.0
2525,161896.0
2526,169835.0
2527,139458.0
2528,151392.0
2529,156351.0
2530,133637.0
2531,243930.0
2532,218281.0
2533,191810.0
2534,247942.0
2535,237941.0
2536,234113.0
2537,267242.0
2538,200465.0
2539,187616.0
2540,188951.0
2541,191537.0
2542,162329.0
2543,115198.0
2544,103526.0
2545,150057.0
2546,125406.0
2547,149174.0
2548,178766.0
2549,165371.0
2550,467177.0
2551,140151.0
2552,121092.0
2553,90994.0
2554,102251.0
2555,120877.0
2556,90319.0
2557,93459.0
2558,176966.0
2559,159832.0
2560,193963.0
2561,179566.0
2562,161807.0
2563,151570.0
2564,208933.0
2565,186024.0
2566,159810.0
2567,144530.0
2568,210472.0
2569,243283.0
2570,115947.0
2571,186819.0
2572,171669.0
2573,232345.0
2574,245417.0
2575,141322.0
2576,115170.0
2577,144187.0
2578,63961.0
2579,42337.0
2580,86856.0
2581,117464.0
2582,93800.0
2583,265585.0
2584,161005.0
2585,180421.0
2586,186823.0
2587,201830.0
2588,123849.0
2589,149727.0
2590,188164.0
2591,197080.0
2592,197131.0
2593,243383.0
2594,199468.0
2595,226950.0
2596,259517.0
2597,212551.0
2598,295542.0
2599,375685.0
2600,120981.0
2601,110910.0
2602,76971.0
2603,86760.0
2604,81935.0
2605,81191.0
2606,129928.0
2607,207092.0
2608,167020.0
2609,163002.0
2610,106338.0
2611,105181.0
2612,162974.0
2613,114158.0
2614,105409.0
2615,163256.0
2616,159663.0
2617,186266.0
2618,234605.0
2619,201419.0
2620,183610.0
2621,178954.0
2622,173369.0
2623,218058.0
2624,278400.0
2625,269580.0
2626,173468.0
2627,192216.0
2628,478264.0
2629,489930.0
2630,415567.0
2631,450676.0
2632,417168.0
2633,327058.0
2634,433420.0
2635,137649.0
2636,178696.0
2637,195527.0
2638,265634.0
2639,191544.0
2640,158085.0
2641,102690.0
2642,145960.0
2643,111803.0
2644,117164.0
2645,117287.0
2646,97226.0
2647,104710.0
2648,135825.0
2649,151381.0
2650,129460.0
2651,147359.0
2652,381783.0
2653,258992.0
2654,284142.0
2655,411487.0
2656,349821.0
2657,365067.0
2658,330940.0
2659,343141.0
2660,385066.0
2661,362435.0
2662,393446.0
2663,298077.0
2664,314241.0
2665,323553.0
2666,293135.0
2667,196258.0
2668,195931.0
2669,180771.0
2670,259982.0
2671,201275.0
2672,203531.0
2673,183101.0
2674,193231.0
2675,209707.0
2676,198072.0
2677,201653.0
2678,208107.0
2679,327945.0
2680,319982.0
2681,397604.0
2682,327484.0
2683,460491.0
2684,356148.0
2685,326275.0
2686,248074.0
2687,292551.0
2688,212862.0
2689,219803.0
2690,377898.0
2691,196783.0
2692,149154.0
2693,211872.0
2694,132652.0
2695,208812.0
2696,196448.0
2697,185290.0
2698,191153.0
2699,156776.0
2700,147573.0
2701,157365.0
2702,119415.0
2703,157770.0
2704,145321.0
2705,113891.0
2706,97294.0
2707,103173.0
2708,140719.0
2709,107895.0
2710,139826.0
2711,264772.0
2712,427303.0
2713,163548.0
2714,144319.0
2715,155522.0
2716,143261.0
2717,207047.0
2718,213416.0
2719,157250.0
2720,184227.0
2721,127277.0
2722,141979.0
2723,141109.0
2724,136815.0
2725,123719.0
2726,138430.0
2727,193447.0
2728,200065.0
2729,145613.0
2730,144460.0
2731,139143.0
2732,145625.0
2733,142966.0
2734,117756.0
2735,139220.0
2736,127140.0
2737,122119.0
2738,134127.0
2739,141816.0
2740,137871.0
2741,150635.0
2742,170540.0
2743,141227.0
2744,167375.0
2745,156677.0
2746,130820.0
2747,154475.0
2748,129284.0
2749,133015.0
2750,125184.0
2751,127371.0
2752,212787.0
2753,149454.0
2754,198493.0
2755,153497.0
2756,92106.0
2757,66302.0
2758,107985.0
2759,182316.0
2760,124053.0
2761,130730.0
2762,134433.0
2763,172111.0
2764,169066.0
2765,270329.0
2766,112791.0
2767,97310.0
2768,135041.0
2769,138670.0
2770,149865.0
2771,104967.0
2772,81291.0
2773,188412.0
2774,130925.0
2775,125104.0
2776,150341.0
2777,167652.0
2778,109534.0
2779,137705.0
2780,100656.0
2781,81593.0
2782,95542.0
2783,92891.0
2784,136523.0
2785,141641.0
2786,58447.0
2787,129444.0
2788,64972.0
2789,168166.0
2790,110388.0
2791,113720.0
2792,41970.0
2793,156218.0
2794,112917.0
2795,125276.0
2796,96147.0
2797,188697.0
2798,106851.0
2799,110533.0
2800,59183.0
2801,119819.0
2802,134466.0
2803,165578.0
2804,123432.0
2805,123328.0
2806,67162.0
2807,183742.0
2808,160137.0
2809,123422.0
2810,133655.0
2811,168936.0
2812,189946.0
2813,158590.0
2814,162675.0
2815,117336.0
2816,207013.0
2817,162109.0
2818,131214.0
2819,190426.0
2820,139318.0
2821,134944.0
2822,177678.0
2823,223107.0
2824,166804.0
2825,159507.0
2826,141478.0
2827,132974.0
2828,223511.0
2829,220170.0
2830,230570.0
2831,199321.0
2832,221412.0
2833,337185.0
2834,245789.0
2835,244618.0
2836,191409.0
2837,174186.0
2838,141056.0
2839,168946.0
2840,205797.0
2841,199275.0
2842,228574.0
2843,151996.0
2844,174468.0
2845,123341.0
2846,197309.0
2847,233240.0
2848,201181.0
2849,200054.0
2850,257986.0
2851,204166.0
2852,227054.0
2853,233103.0
2854,138135.0
2855,208160.0
2856,201189.0
2857,190046.0
2858,207682.0
2859,115131.0
2860,116510.0
2861,108761.0
2862,195954.0
2863,131340.0
2864,271214.0
2865,145361.0
2866,126821.0
2867,95067.0
2868,113754.0
2869,87203.0
2870,117133.0
2871,84699.0
2872,20649.0
2873,72847.0
2874,132199.0
2875,120000.0
2876,152711.0
2877,142963.0
2878,152210.0
2879,151644.0
2880,105635.0
2881,144294.0
2882,201073.0
2883,223521.0
2884,200958.0
2885,191866.0
2886,237614.0
2887,103742.0
2888,149861.0
2889,29071.0
2890,76951.0
2891,138861.0
2892,19971.0
2893,80432.0
2894,24123.0
2895,336815.0
2896,284467.0
2897,221535.0
2898,149366.0
2899,222956.0
2900,173797.0
2901,208300.0
2902,184184.0
2903,304793.0
2904,359326.0
2905,65676.0
2906,223183.0
2907,113870.0
2908,124839.0
2909,144263.0
2910,66183.0
2911,76741.0
2912,170383.0
2913,72657.0
2914,60449.0
2915,68755.0
2916,89867.0
2917,163284.0
2918,88229.0
2919,233844.0
